bacc = 0.6436681431249179
f1 = 0.7333333333333333
loss = 1.3613619197540174
