bacc = 0.7611692646110668
f1 = 0.8614393125671321
loss = 0.895331970842208
