bacc = 0.7265745007680491
f1 = 0.8608349900596421
loss = 0.8510703732526963
