bacc = 0.7236237299872252
f1 = 0.77
loss = 0.44850096479058266
