bacc = 0.7798147064793037
f1 = 0.8016666666666666
loss = 0.44669848839907594
