bacc = 0.7236237299872252
f1 = 0.7839147269862282
loss = 0.45720036570068269
