bacc = 0.8080922647118518
f1 = 0.8266666666666667
loss = 0.5212585868725242
