bacc = 0.7930493823794071
f1 = 0.8072072072072072
loss = 0.5640602504285718
