bacc = 0.7830079349930466
f1 = 0.8
loss = 0.5177641536533234
