bacc = 0.7894091020641889
f1 = 0.8108108108108109
loss = 0.46566600293320204
