bacc = 0.7926372091357347
f1 = 0.8083333333333333
loss = 0.38685131962100666
