bacc = 0.802057092372163
f1 = 0.825
loss = 0.43599540639746315
