bacc = 0.7626387260382297
f1 = 0.7711711711711712
loss = 0.42103722865826315
