bacc = 0.72005971695798
f1 = 0.7765765765765765
loss = 1.2264995221189434
